182954
124665
103582
52092
77827
20206
91133
39683
34796
91814
159015
39278
30603
13114
32462
101972
6437
761
36879
117724
12859
25247
172159
7259
22249
27346
92510
134400
202115
39139
256537
76406
242053
208359
60031
44699
19999
171810
50773
44576
28948
152581
23726
94242
172792
27288
353689
187512
43709
180508
58471
6063
352041
234289
64882
41648
19687
116501
3707
38024
135389
94473
19503
5332
426783
134369
13484
51845
54377
28617
145255
7612
243782
115558
61213
5819
124009
283991
72535
78009
19213
101987
28095
77484
65407
173698
137182
123097
100529
34714
99902
200174
47948
117775
218014
167151
76302
832096
83350
312757
40550
19149
85618
48845
57102
194104
32026
34064
60291
39208
318628
68719
79674
216494
122319
347260
28873
117838
35047
82964
294059
141997
35716
391106
7870
261136
592749
647522
88953
113486
251970
142652
138575
36335
16828
16841
25288
262808
58567
140891
208917
22985
241279
120537
50197
184141
318387
194409
4875
132641
56472
477392
66658
309445
55853
13281
117463
87307
182644
255903
44106
40455
62086
172177
448055
142080
1091
122387
89607
102601
111133
303465
19289
22144
124996
82850
62162
360471
3844
195664
107093
227710
4853
95804
120970
170200
52925
9015
143380
94981
256255
140037
129429
129759
71275
108291
32121
41866
130663
285706
10066
155206
163157
9737
5738
84219
21294
371930
450525
96167
18782
12147
303781
44453
78560
124202
45736
28848
36076
52811
20457
100140
7290
15683
30803
567589
91471
87428
60058
274078
37057
201339
116315
57135
1293
133483
235496
288722
209440
111310
55503
151454
251136
32632
164589
95404
245588
9963
125224
120682
5884
30722
13589
59455
117744
243948
30874
9481
106282
78200
59874
202465
125369
45660
139023
69846
121251
395255
194002
13032
34372
147404
15043
46512
165224
40300
7872
80032
415956
207260
35085
32436
549163
198465
370767
97621
10488
254799
358123
132521
53940
399002
9942
37207
82152
288792
162809
26841
32080
30630
305760
33511
68055
412652
176169
6844
123451
73884
23869
211469
150983
154751
56677
45233
173989
652349
26395
99032
251340
130003
9482
329041
132388
15226
66271
137486
63780
4001
1952
61047
42477
221389
253960
22687
6844
123805
79653
36998
127258
254192
154682
34521
46413
69651
5874
190117
5988
143722
43775
39516
143280
29747
93600
82417
69290
195333
265393
11100
148882
95920
131748
188113
18810
87001
53310
11288
220993
76541
146535
106232
144585
15317
287386
143004
30793
9498
6047
138415
392992
32443
82943
112802
25033
254627
401374
111972
47569
7707
336125
133972
118138
274004
148239
234728
122344
70467
69727
124608
75416
123725
169780
85295
45675
69253
6286
219246
160720
6517
39794
11463
6497
5355
40897
125853
64286
278665
384960
209853
171702
75664
345062
302106
32086
534524
162834
259705
29512
18113
73245
156310
107596
90890
194366
11969
44099
6852
179315
119800
80223
37889
135345
7513
306478
22769
36319
76786
72866
34562
42381
108057
144730
98586
6385
53248
412569
56734
34866
90996
33133
56863
205038
369450
67761
117017
332192
44248
9688
73218
76291
4257
17918
33389
255199
199054
84981
52377
31597
50484
207646
69376
202769
43982
27841
63315
58479
4735
43111
262869
327644
199633
32591
56969
81768
31375
179150
116426
97759
27965
272530
350189
94509
69059
146466
122852
168002
92009
224834
290339
78178
23340
137741
74119
232816
155496
40694
33280
57416
255256
219335
23623
184297
3905
100688
141909
207919
207611
73461
257626
54036
491292
35659
408859
188196
352814
14945
40820
54401
46042
217138
248188
14921
79145
79600
218917
385791
48227
25118
80583
191292
293216
212637
49716
50252
164523
362786
117296
58447
35897
45885
175462
145851
58371
49281
145446
255783
163685
69245
35782
516854
4532
124405
1716
1131
51018
3885
136678
134132
8379
88224
123961
260763
303906
74003
172388
82630
117548
43540
95951
4387
22414
40238
169625
11745
209734
11780
92464
29038
385309
117896
16642
151912
8477
267592
183603
24255
65942
60466
33139
110487
17997
20244
47901
283483
373056
176236
18317
24826
6398
26372
135665
32442
25561
159666
65468
48689
206789
35428
58500
362287
102586
274268
121338
309257
171121
28197
69843
85460
44651
49685
230115
94971
56775
247195
9724
64845
60485
38281
134590
144581
66227
446767
20705
59811
40721
32899
25015
16659
206010
188053
486719
79364
121717
100658
18869
44443
69645
18006
186806
43227
147804
84243
231120
122378
272878
376304
406702
65776
273990
102906
140844
24547
7007
124558
164436
368757
46281
96583
152682
104696
100386
97246
75854
17878
45771
29224
139701
66448
204234
74718
43052
169803
23664
5227
233199
55921
18547
255525
153901
30912
142884
18490
33954
81571
58855
278994
14581
123868
72514
160976
34238
19149
144596
34166
53557
80062
106239
323138
18255
34534
9971
369828
53422
39044
202529
267611
124256
43489
49932
72356
193437
202457
106840
75137
136701
107058
112357
67027
13618
22696
14221
93742
41740
4771
118944
58134
163680
60104
79496
43868
62338
36809
5341
37039
86282
223451
61655
111379
32234
179424
7433
985932
54460
26557
25431
85421
27993
32782
339565
150598
21998
246258
140012
274417
63449
159328
14690
144370
4527
10851
65583
85423
31245
125419
213920
8863
24506
397976
3692
141565
56864
41699
10496
237977
278650
26436
132802
123625
92497
103059
98363
89863
14345
129133
71582
232435
132600
287244
190253
162005
77206
15345
19682
151086
37480
12778
40616
145161
17535
629960
51935
194097
60153
86874
74563
67143
146088
48733
45642
178657
114413
156045
101996
61446
15757
15961
74750
63741
136997
367258
292599
127445
279149
308949
10497
104511
463290
57627
50431
196982
112808
110517
395155
68985
389524
192795
37608
340261
221331
16741
201789
67962
96850
24078
136303
192851
23592
147734
4090
103158
78809
25763
276594
621520
43115
153472
576146
35472
18551
3770
51553
66291
272357
76803
30679
10528
74495
15710
78774
137423
15850
493770
74863
108910
259916
32736
23208
22551
375468
43106
52757
303159
3841
143373
68334
120939
262125
259568
30481
90666
20015
149441
132564
8883
241422
34788
7170
62747
7473
93722
48456
64536
135229
79143
15907
235605
228727
29897
255983
32637
26707
173411
20943
11367
130470
56349
195788
275698
6522
83865
6817
36518
254254
210176
98922
437119
604807
8693
92954
91777
25829
48924
231655
174414
407751
354237
198687
256124
92565
39406
336211
58518
203366
51949
73415
267934
23396
92044
38886
162866
323
132358
258603
217746
61919
26541
47128
213457
9681
25108
106512
151536
616361
26972
152910
34291
257118
31513
7089
434166
25367
162250
187343
50787
443637
3678
109017
68701
268031
6597
211660
236430
62329
161049
41068
309159
14809
130886
131503
56812
28398
355956
132860
88222
21704
16035
121231
367319
284050
47431
95652
127433
180936
128879
85986
148900
22768
66167
748482
202391
157234
9193
464325
48223
104906
100218
57451
75341
26102
154036
373670
21066
118892
26671
81868
6856
87972
76602
208623
71082
6633
26787
53514
148118
95049
417357
5323
69699
161681
67845
116395
12420
93865
155782
215396
84592
175243
31661
61890
16633
66692
210077
90603
430635
11829
5277
90517
69643
9431
64827
132065
11752
139833
57734
82909
269383
426020
9864
441418
90438
115923
243054
138383
370590
357513
19107
49336
8152
4595
129655
59011
88033
46671
17645
286702
284434
35745
153053
51865
123960
118876
33161
290499
176567
204538
86700
10532
36273
330673
43662
391746
87723
313657
39138
177260
226180
256239
59933
5000
237347
153050
48461
14677
140812
406642
39897
285915
398637
40782
445262
223882
59203
107015
26214
21732
225903
21811
498286
1677
73056
102690
67513
26889
280045
361201
121444
154316
56579
23067
3855
35242
268310
129195
91097
201461
67576
92223
98606
122252
156972
154364
220447
12944
234049
352931
41822
85024
280363
69669
242340
110935
16118
258150
42947
181424
153812
20714
42243
30282
30690
10372
26972
138132
29446
178243
96815
60917
92038
13271
6727
208975
29608
894125
59148
173701
214160
56305
79096
37583
181873
42834
126099
51667
48113
75053
130205
6594
71953
278312
9879
202100
107344
134264
26829
224261
371261
50156
92008
74975
131681
34175
111377
57918
196309
72145
22905
36526
140439
80754
109382
450875
15877
359024
396622
12726
92749
30181
3774
27188
147721
47426
471809
325129
36919
237281
82616
13359
113180
45030
405667
22994
24458
25900
278223
73768
112460
377802
57822
61667
78340
91539
220444
13721
231656
50384
83581
149996
7046
38099
76711
77616
76632
109649
55384
105188
113410
90500
52000
41349
3034
42531
14140
94972
17930
135748
3579
106792
406492
57930
7394
46464
131433
146237
44928
234822
60138
248501
14149
24065
58247
200255
17067
79462
30199
178960
18768
79782
89414
313356
50725
416920
148899
593511
234747
19003
492055
283444
50045
147681
139561
63213
142801
79470
317417
140442
13727
112797
303081
177711
159852
76593
117601
47474
165424
173705
75347
145560
173466
107625
37107
205279
2836
33474
8319
348116
6955
36441
65160
397759
18123
78158
75698
42647
35435
228240
277263
169688
68285
263447
87078
65860
24677
52818
185445
153832
70648
9519
63096
132900
178333
176665
28947
76359
167419
345303
109755
206128
74576
48421
71244
271217
216891
129171
11000
331207
204414
165234
138588
31504
171203
39242
231081
292971
30993
36864
113088
7273
35292
15935
32170
152044
130323
131663
12515
50487
162419
8177
287885
129619
117692
139304
353014
78910
13757
234188
53001
246928
128937
230247
152601
259564
59434
125714
16181
113999
163448
6704
123809
51840
36652
100853
140270
179473
117347
420275
185046
93703
33075
169570
38131
208833
10892
80579
92006
208594
18880
50055
173644
16516
310264
58286
351449
12573
22125
126123
50747
36498
204357
91524
2168
9407
225554
125274
54193
31930
381484
8667
199568
231921
405170
191803
134065
144691
45509
163562
211831
114736
24208
26116
192676
98316
125526
183836
204017
445197
83830
4377
916
112040
25107
41813
56937
200626
63213
120082
3633
107526
27161
278234
16946
26581
303483
83185
61383
166658
34941
334255
25925
86791
11136
101019
172479
327300
55049
176846
118676
96934
60748
8268
45694
23159
19895
167783
131511
6635
327557
14552
69324
166138
308240
7622
55976
358012
6200
25740
79263
89910
20012
276476
69302
91166
6096
413148
72643
2420
225928
20520
141029
39588
90566
215552
10060
122465
9260
150746
113960
135584
544748
222365
108862
18691
466202
61112
541219
158832
305812
23669
41655
9849
42866
5780
204418
54495
133744
320802
277510
422676
27493
21170
151658
25489
130386
170953
85858
4566
89131
94936
166043
41841
55282
163208
236064
97651
174257
7570
25765
7290
134035
43911
257642
171022
254020
72774
50207
13621
174079
3482
18616
90094
76165
30664
66139
219100
72209
41058
81096
296186
33814
18926
80335
60749
41278
667482
15483
214867
65483
81128
250911
380725
10563
34630
148620
124150
98297
85992
468623
25141
22430
7308
104125
60973
433112
50113
288297
212098
269500
27991
2391
35342
175577
362597
205007
131316
115085
50016
199424
196618
84819
375526
67708
62156
49860
153262
44500
3086
62737
27219
61757
17911
41775
3711
216270
123646
51915
580519
22636
20979
99583
96337
243716
82692
34189
49748
34363
143425
378374
356761
24787
61720
128942
39448
31668
383669
234019
33553
152768
167658
77287
9103
81600
32935
88943
7571
37508
116239
106406
19903
17555
12602
123515
45081
3318
205644
90066
44017
57030
120333
596100
72709
70911
168211
28530
60168
19059
154386
19355
4912
116236
36220
20586
50757
287959
93595
361760
266923
75720
105546
6860
103373
81403
115754
99834
61458
29443
186196
164861
4996
166519
97449
3188
174339
102536
241158
15671
149309
54713
553706
27824
272156
35603
6496
58445
6618
255233
12694
84069
21957
56579
338524
87531
136240
445413
398565
210975
52926
165624
73720
11083
323017
250552
171018
221808
178835
149364
43120
75591
7721
16181
64878
208015
225468
86541
70331
120490
11356
452252
41622
5569
80792
13233
5185
208986
77614
57980
26027
76703
267004
36051
20681
30737
249829
241686
568525
200316
123959
149202
56554
136990
84508
427810
381794
24405
75397
48970
144160
120210
53840
9470
50843
4865
59118
292836
41312
73555
80307
189460
163804
33953
11750
56903
165453
43228
73912
192189
220691
232926
140867
145011
57079
17462
292668
947
84420
22479
16921
77112
33772
235959
91367
120926
434009
121986
20438
12298
47738
224692
256365
58116
158099
34764
83302
60298
92024
78824
316387
149313
126307
300599
17135
191420
12524
317145
6777
111707
64305
101277
31462
99215
121157
282825
69814
354267
5931
231816
109598
41176
18097
23993
1992
37118
75914
56455
3233
106752
197017
71321
121124
282773
70908
13084
88313
222223
62377
472437
175139
150100
19220
191816
128530
99143
179556
12757
189431
136790
50827
23028
135034
121524
205249
15553
192428
2275
124073
30583
3846
89014
57437
9426
17686
116086
36294
27998
137920
132464
44094
38388
5426
379729
66115
7816
42668
137595
17959
19142
42126
20784
236153
8051
82115
85490
127700
115047
370049
179071
17331
12856
9271
67565
26393
54242
99927
12143
12979
138026
100008
32729
29286
19907
146859
81226
121383
12347
5672
23529
23272
450087
101766
84057
86785
202401
15195
103964
26211
473872
39470
8919
84836
125275
40546
168468
121558
391959
94832
165565
27704
101164
37436
137163
3707
286179
16863
22815
204230
178281
73264
115455
115313
18466
402990
15970
178325
292574
306477
20322
28536
293802
27203
249819
148061
280391
22029
172937
15631
25793
7158
177745
121685
81372
23057
237816
31690
336429
8633
42172
59095
29197
507361
26519
133756
25637
129299
21252
55602
76449
351385
105290
191245
29684
22146
22696
86175
121949
278225
48911
271599
143190
58181
33666
9244
267897
2204
199714
93948
390243
244111
26181
78707
160882
180245
98482
31323
28373
213054
229530
85723
94652
139705
118315
61689
22411
11601
41213
19852
597112
19182
95458
113693
35176
136912
72135
283561
290556
51616
67534
4575
123999
90368
69243
59018
76985
68640
48976
185605
17530
6039
198046
91520
21101
342089
13631
248728
97736
275984
70707
35909
42777
425648
39189
51688
114662
13350
156133
171573
25744
11564
3025
353483
132459
3069
122769
11678
65777
174934
206636
22112
97386
191813
80345
79650
304989
6760
1382
37765
27319
127228
27838
326143
21428
50074
30340
64728
44959
113581
172221
8827
19741
89523
449376
31917
39546
9082
37153
321771
192647
654
116461
117011
77564
2812
6812
250612
4052
89906
5782
104445
121252
19365
42262
2430
487720
106489
116923
248791
19193
132662
47566
26863
190346
17721
85916
217850
17194
2178
32524
226339
331069
19102
37074
203702
44058
189241
20652
25464
258854
20645
222502
140287
20011
95308
72524
113425
35457
128970
113273
91925
58153
19123
2976
45062
175001
137253
199452
11566
179747
182120
115655
112550
195581
173836
22090
42576
71040
52808
1816
273604
470047
46937
83807
70871
132616
425346
13067
54517
66502
13727
67579
1109
249784
80747
44534
19455
57423
246254
73897
110752
78331
78601
44576
7365
22050
31647
267949
10045
185028
9296
69208
17934
100899
53384
402283
65178
55254
62357
85522
30349
42572
4497
91693
203105
165441
22460
38483
196556
3601
158910
4120
37847
87086
8536
333001
321055
120432
136682
132003
129476
143757
169730
24171
235757
22133
25939
258997
103745
66193
200234
71612
100330
14242
22824
32402
26817
12490
88433
154475
94817
180156
137071
537620
36898
38965
288215
12636
66717
200920
172009
7301
199154
370039
117815
69385
7124
197775
10911
12640
46391
5409
76485
136976
360356
471705
57308
85154
88727
4387
162905
16073
140062
148107
57625
112898
255222
67194
16771
47486
33419
24371
50181
67750
276286
526554
22503
91381
162667
212431
35381
225388
89806
12144
195145
15304
19214
513603
6738
62776
254871
76697
52122
49551
145727
305662
153257
117099
151724
6887
157069
278313
5155
5902
222929
243490
110972
31839
117027
31159
189790
94495
9996
70084
16916
538299
95083
124114
445247
55361
32852
56548
258742
45265
19187
37020
5775
77156
129438
348898
19595
42902
35867
211194
16901
140540
53315
87427
77828
97311
46618
238266
70311
253473
57061
141261
33755
52251
4232
24977
142565
16841
85552
250340
127725
178842
90138
129137
8711
12792
175999
293759
27682
134148
95788
184565
13193
78252
254123
56155
26059
5458
223743
147076
49622
51195
240521
114078
85014
129487
23751
199047
121291
99312
41863
110718
518372
149561
64115
170056
54038
14532
103561
220240
113574
113141
129280
7951
497997
319146
113959
68679
26017
55015
109928
48025
25380
27787
82948
102343
99450
107299
336602
10864
389432
26361
212661
2153
97529
65896
235634
393308
80979
148565
55038
63813
91284
21768
73990
58029
126162
381557
121489
31415
122170
169589
15711
41209
76317
43123
42499
8363
131471
71033
167526
7577
228013
37083
62013
55350
78855
231615
100257
27140
33447
159275
19109
41001
16807
314473
68711
436084
163064
103949
7641
12062
46075
232639
237733
37054
32116
67303
186148
18608
440062
51307
86326
4132
386357
60086
28650
25509
12178
24626
110979
214546
60945
56335
518341
305181
102937
6728
9530
29016
100925
100109
18096
12138
169449
167337
4294
303720
38872
81875
48825
86626
4609
113141
14081
113642
90768
32907
19508
6270
429804
268413
54963
92730
146003
232483
112635
21162
185914
148246
49854
65379
182993
39189
133332
97625
121784
381898
27195
143746
86197
17769
38485
236712
90648
38550
21138
132560
130817
102484
18297
41879
157894
58535
51347
129902
13307
24594
302586
84917
76150
110490
208311
27832
221285
136085
3918
46652
134977
8448
171114
131468
107119
105250
7187
83481
97384
35937
370526
238942
241362
72644
12915
123395
101181
94354
233924
101086
354368
241026
7423
21831
60980
128737
23877
50298
109848
24303
21654
14399
81582
205142
127932
88210
16197
148796
18517
71701
14255
95014
203578
22748
33414
64870
117642
155836
756190
42003
201892
210715
31412
301518
21906
770961
3182
64803
187412
25606
85020
66097
3811
25507
207608
243464
9291
152134
102122
79448
299694
328736
22008
25693
32197
17675
105660
24580
176457
10104
254789
353328
26613
36742
150324
228203
98364
173340
136310
54319
72168
17972
1721
109248
91821
32401
597528
7326
39845
152415
120513
30352
9754
30867
172571
231802
16349
41197
71060
110609
32416
184031
300473
218589
11756
227375
81201
22232
5093
72882
65990
206257
155337
85379
54900
152828
34676
29674
20218
222873
83134
77249
5519
220911
114514
136113
18176
1238
56477
27414
29340
202540
352218
93803
46017
255905
10324
90857
73351
59703
154203
25289
132683
67708
69036
36778
19830
12750
92887
193398
110870
27362
5174
144524
11152
71764
169794
39497
192376
2964
18073
191195
11714
139479
90624
5098
278310
17960
29556
174024
14667
106964
192820
273587
83153
20735
104330
89498
14701
198728
120286
66700
114979
57599
317987
30787
67179
36022
93619
191151
9364
13760
171919
115878
116089
179321
252878
303579
346594
162251
93413
148434
129306
33332
113494
155931
2655
67395
91010
17030
217906
34536
62460
144369
157621
61488
193908
164382
75841
224783
22517
10906
11732
193244
147576
131408
207365
171424
6290
12557
102772
84057
18742
69759
79194
263127
155932
29603
93004
152066
127016
8549
13575
89115
72566
17166
404243
138220
15515
5685
99265
236513
88968
96010
159094
154205
260794
34266
10559
68101
36936
170679
58952
205569
4797
28352
78417
34652
220953
192376
452646
176935
188539
97835
173698
9884
98860
79754
64542
49916
38829
365684
8637
38975
60355
10184
33759
420640
6669
55460
7224
149583
553244
122237
63788
170713
35559
355522
34917
2384
209393
154782
29657
19939
56374
525555
224004
61614
27413
28427
33440
92685
786073
53793
370600
90869
53507
105597
32463
292894
6424
21756
163396
104636
247434
96119
32166
170362
105896
381851
66992
23823
30098
49475
461499
52159
36192
66298
259605
52065
52482
42901
134801
8335
512295
426594
354369
298770
133630
523286
12549
85808
20755
181165
27597
20431
80324
485133
21825
254791
306736
35521
293869
70537
178994
242707
22163
172273
9271
59324
20267
314058
42842
31677
17781
195223
12963
24609
30900
188412
340161
300693
21415
196232
284113
15189
168046
44313
10500
442509
129650
24058
74041
76473
193741
180651
40917
1801
159608
123879
213226
18528
132440
52001
129062
61565
281445
36411
54933
95218
23366
34933
3815
161778
36280
107475
63777
36782
121972
38391
141215
39125
233522
46232
76966
50338
221731
28199
120570
88895
122564
12397
22548
73576
10044
57235
118858
114357
70218
542381
40978
3666
64112
187636
4205
64931
189627
25251
87924
91545
39409
10673
132987
286913
61391
90430
185165
256398
26482
117443
175689
194451
113631
8269
113510
53936
109237
51296
168136
62790
111087
177073
164758
22184
144607
17364
231122
100698
160545
3270
106041
69165
173200
7277
17410
30015
129131
75070
418545
83780
220634
8258
12038
80271
102890
110077
138077
253695
118202
212653
72541
66439
7648
196206
187135
386794
111545
168124
87199
349859
167798
122500
32230
16072
101675
458246
182771
53010
96335
1348
221979
49442
160938
15795
58360
123864
20150
156859
7496
276488
114357
11064
105792
212802
21777
153325
170224
20282
138274
117301
297220
141587
39725
131233
406217
13211
166640
57546
84792
19182
60098
200855
34277
37329
12019
115143
48539
511609
302512
138716
186950
258358
277713
73047
15470
13499
51967
59675
2015
19755
21687
22556
7197
16600
125466
123890
87405
281540
35605
6874
72671
330542
577770
377955
178112
16771
17236
117936
15415
127554
126877
30162
73517
337567
115822
53659
3484
46555
342942
86746
244740
24523
38821
342839
112967
13406
19350
175107
21993
36211
61676
192081
250862
3498
94054
67119
130609
107472
35254
64243
20370
3549
75649
321984
133494
119154
32370
460748
21739
143949
19454
89076
81701
143978
11049
107407
160906
234901
16565
9631
121513
135148
569959
42710
162349
120642
106134
86457
84566
144050
205595
35126
26250
175082
21922
72723
138866
5860
4953
97273
64603
6341
197142
331888
185545
107825
81839
3969
130582
27951
120257
397895
636160
141504
32618
80864
9673
143330
56193
121797
124853
30104
243708
182353
9080
101804
87554
38060
29157
27444
139038
1026
181399
46663
22225
174701
126379
365404
27501
9375
85757
25300
96453
21473
63469
11329
62735
132428
12638
56861
152693
11019
143360
54160
117349
63495
153003
36428
159085
35689
125837
353803
188937
30300
472606
79240
17942
140245
38713
141549
118750
127778
7673
4658
99098
261581
145503
173293
9738
11486
282913
256342
184845
16137
72198
433744
30565
157773
15783
7772
36584
244146
172248
10523
56457
299860
42505
541180
24833
54719
8270
68727
31110
13305
208687
2690
264598
170098
214991
424874
50573
98963
33883
182782
60652
280988
194437
5343
164670
44100
37015
24194
12063
122204
30845
136738
423829
343775
394903
25867
534877
157648
188477
84647
16926
98087
17057
53541
182035
260924
183103
185809
70389
15272
68820
104654
175718
49999
335730
137824
17452
113402
43688
51260
65839
31326
25911
325349
55363
58104
297694
14240
34628
52370
109116
39629
149292
5485
39743
30639
141205
113331
69914
219728
5605
288056
55957
344942
63766
4426
31600
35608
6350
114689
321790
206282
95922
312771
209456
3804
19732
146092
38248
104132
3548
164578
4324
63996
56429
103971
57157
49657
149320
343035
31265
363128
74220
12146
29693
90913
48048
235901
66064
60956
19974
157693
130160
6158
152018
20695
75020
31940
143239
92655
31333
73125
103780
138832
47180
176035
81151
125457
162767
126336
93220
21705
43406
203986
9382
107307
547205
3006
89413
222921
121907
15225
12685
17240
29465
108441
34669
429963
54290
4396
105051
14903
6759
185784
156228
49446
147416
47730
55569
64243
60908
24661
160713
50752
231368
10895
92615
19857
5618
277797
52554
406946
54765
136320
91020
12228
60339
107493
181762
210131
214533
322894
4093
90792
99069
205005
4833
129906
98450
205120
446360
159809
57382
55235
44006
20832
60157
193327
44894
474854
108643
255426
66251
56970
107605
50056
42374
41881
67542
136227
11494
59879
115545
18275
476857
53627
15861
102451
3709
208750
69329
524890
112176
45446
69461
41193
137144
33052
25591
49945
37223
56230
119237
367209
166711
76106
136247
179553
190776
68511
166425
66219
91478
170738
14949
49543
37801
315639
9165
182856
78572
16271
19898
263987
207202
64463
12913
27008
197439
17640
10100
157940
16842
37833
85974
251218
205876
4994
15638
20556
4130
80875
42678
69480
3273
178984
21845
105831
114844
194392
87193
15211
44303
339748
108549
91253
14899
87633
53436
44204
419765
7320
29880
250344
194483
8090
74358
121195
39503
193754
134676
25424
503920
164065
124475
281950
68122
162588
64716
81333
40132
230865
188908
53684
71887
252559
11058
101823
77179
188655
43895
119514
204784
314662
68363
16132
29404
116112
114301
40437
321501
62546
178427
269373
45489
52979
48766
166368
49296
97000
59958
7984
254949
69958
78403
34071
100511
3131
131893
66478
182105
72316
23824
93020
251753
27953
16612
33442
42043
87819
17961
10018
84207
255727
11888
46017
166331
340013
17669
237613
17972
41892
33026
168217
124864
174464
16251
63543
191244
411437
59991
164240
76985
256120
31250
219025
8718
364174
22955
250391
60645
128168
41985
112503
24891
16255
138112
155780
40645
6356
28097
11354
133404
3367
77493
111572
10301
19558
33376
244177
184521
36852
12747
19714
108074
127861
80384
262959
146245
78369
46785
2352
56587
143074
84840
273028
141481
384099
4401
127563
126420
206898
303569
153474
122964
179348
88552
155156
39710
40216
25893
25474
64775
10643
248413
64133
136551
31430
127964
141350
75981
148108
126497
204774
198017
23433
74295
66703
173749
93771
87570
39606
6473
46753
25797
15026
57386
11612
18665
43693
181099
7867
138804
183289
43021
25147
57562
134503
218969
159753
167633
289331
35853
52626
70239
60691
10660
40887
27174
551335
35546
104284
215645
5501
45267
90747
219382
212259
51336
85329
57392
61746
95786
232895
105076
19564
38730
77996
158390
359292
47559
29551
6855
50383
49051
187082
18154
267550
82510
67007
63679
96099
64085
203914
299625
80557
11843
14967
32987
30038
25005
63235
18591
219132
130065
294809
69930
9706
136984
91219
115294
49135
96536
111105
22635
85849
313233
80340
281946
62811
85005
107289
123509
31423
231590
66454
33563
68045
27233
23186
66231
266589
440705
125009
49077
130615
90999
90379
32476
24503
103867
30678
55669
167666
16816
3419
214746
48789
19393
60319
138892
244653
52362
194835
27652
252794
125209
10532
125114
18127
44149
53419
45409
141701
47805
44180
62661
111389
65580
138739
329799
11612
150009
4901
68130
26026
309730
58408
76079
5617
71858
154767
426632
176537
54114
7610
231682
187447
6669
96437
8929
30426
359789
197454
18991
85878
87891
10175
133031
103933
20145
175571
312612
138667
73992
215398
197724
102461
84022
96468
74164
47544
31491
33575
51777
53459
58145
133706
98228
90069
48780
12764
236687
180456
218727
20356
139330
211570
112375
210969
589917
94032
17772
93583
74180
32502
35293
478242
30322
17705
30326
143596
100429
72968
213733
183414
115986
164526
80253
235298
323097
13822
7411
149177
212773
155800
7744
174140
155063
148092
33219
289101
103718
82415
12462
195301
33272
34370
158273
68991
44159
14156
259599
44569
201418
204110
69884
67211
15658
5326
8381
9473
370159
258317
26457
177891
60104
56424
22765
75293
50685
73199
40446
32963
53111
106008
7838
68469
31288
73410
99376
2209
232845
87737
196395
168696
494784
484233
36829
111895
76381
29483
191577
355650
40727
174773
12256
110615
356614
6152
445543
57468
11912
141541
431084
11874
254090
112316
75639
36115
229791
92922
101445
795263
54062
160570
412355
55755
87716
144744
296463
134557
5979
88913
31083
106755
151667
49925
56357
49774
469080
188364
49014
88152
197358
109810
1455
178872
8477
53115
123490
24811
25766
43787
137540
382170
114750
11419
155014
73688
390201
47507
78866
207904
21476
8228
116158
6500
178987
13601
78601
319449
73302
10420
1954
58389
31350
22864
107882
47350
22973
10006
118540
44882
5842
12809
89701
57693
60537
17978
62682
25540
172293
8884
47301
169001
109669
45164
268752
13764
441634
49074
5382
74940
27116
57619
63059
25348
293653
102987
43160
4819
114379
5656
181939
82605
48340
99723
3810
36532
86184
79742
22140
40696
52852
313013
4952
75654
175498
117728
92250
232295
232177
107960
345329
111765
20944
141417
333753
129106
78983
32186
84679
52079
208414
98777
21103
87216
55852
9848
40222
59091
109024
174761
16501
213384
154781
152078
109595
93008
296454
243115
14160
286283
51706
111958
238439
32963
158858
114590
177108
23159
24723
189344
259809
190265
134907
107430
18383
8755
6894
186472
117160
60342
392395
30733
77831
121724
90022
75519
21037
76387
163110
153972
30094
68180
21808
77037
30245
67003
136430
194353
21747
112506
53271
109172
3259
74336
128710
10631
211683
182575
122480
9624
7544
102122
39424
91967
75022
41184
34589
146411
105826
66305
10205
2521
393430
34030
35808
130144
80554
250740
101137
29746
206201
419803
21234
50496
3095
195364
34327
167118
61775
49348
56842
73855
38629
9524
50497
69834
68413
269159
75838
100958
30325
302747
252852
90635
92292
108864
13888
275999
73119
10929
58841
1536
66952
585569
126639
21571
8169
231992
139191
91773
212341
13283
102185
264581
90908
117786
45423
10434
687298
72177
33632
95361
43582
217416
94137
116322
100538
5763
30974
174761
114878
149200
53757
24595
123758
37321
20395
234210
24659
57061
98766
29367
16176
54877
167773
116893
86118
50726
45656
68409
6372
44313
25990
260626
95544
28175
55429
8849
19709
121101
82826
149435
4707
30104
126881
49347
3473
14698
111658
19528
76711
46841
202520
10066
52433
21425
147173
251014
93722
333860
15559
59955
144381
124024
19820
31991
259497
48214
7112
64937
10896
18668
56240
78659
179525
59143
348947
269915
32651
98485
32797
33105
118829
25145
130498
521528
46638
123117
50905
162547
74275
76221
126631
70837
34705
137121
258749
59683
282659
107767
93018
141367
32467
225798
244782
334917
48719
33179
110636
51972
129493
110526
4415
58527
39000
43980
78720
143433
11267
27714
246603
35236
199571
145852
200581
212798
5968
3044
59731
78038
548517
298624
48644
18820
52396
278786
155174
301110
138734
193657
142260
38271
48374
203309
145994
446888
6753
162504
75491
51370
180244
37577
4137
22346
70358
19787
104371
72909
48776
71780
262890
298660
71845
374393
60956
125953
175656
26957
10848
183122
67784
119694
7117
149885
103590
13100
48327
5845
108528
138174
42557
27282
23812
221918
12153
266492
153036
2584
109309
230618
75014
104283
96163
61609
104309
245870
72027
41571
137498
12581
155765
116735
64672
14186
14171
228246
241376
6484
24698
128552
286283
109769
125304
105873
321449
19500
15209
62917
86052
144917
104792
4667
24928
159012
1583
37275
35452
39024
97833
183941
127351
18491
21750
276639
118943
190368
392452
13788
117286
29341
567540
51208
19372
132398
23920
188962
17760
33961
65601
45962
53999
330118
16230
139717
72586
13517
188799
25209
184729
741655
5744
21875
86601
168958
220342
58598
154089
6675
30053
326875
204995
129805
297789
102365
8081
39160
7750
167663
34280
11271
171099
14088
12564
287918
142682
104159
7529
37993
103776
166483
209499
352507
51033
25627
65324
3517
33668
128368
86302
117093
41788
134656
45676
200960
102748
121552
105316
68791
16818
136314
22729
69798
80805
30929
111452
315970
150818
17078
4927
116505
36537
386845
167465
137559
55838
218216
372770
191397
214261
196076
19266
50800
14225
33870
7077
120511
85339
34730
77472
7993
27751
238253
38433
40146
10839
13358
65178
251727
64003
11196
63555
247861
8437
275836
26631
36692
91241
329241
498923
135131
94605
95010
180985
149574
53764
71647
125959
32555
9292
238627
110615
35677
240155
43408
170851
210977
120268
140562
14546
30789
16286
93133
98125
3480
1529
316780
107991
203993
251196
39291
85491
25838
183240
29024
54829
61722
27260
94657
70181
15629
71102
41742
171317
76144
236090
138116
18645
59162
7284
282329
133408
14223
13710
203697
49694
92217
136076
87509
387095
464629
114508
255989
3741
50970
158436
73733
138025
19497
56924
50547
77033
82263
42395
18094
46558
77925
41114
81980
12063
93609
152413
8730
277465
397123
126996
349250
78026
32451
168649
197473
13912
283469
23963
123710
306089
91046
66941
236009
194708
80241
39093
269761
58883
71563
135712
115869
207301
12093
21365
22643
45654
159629
39045
3133
169286
268437
43454
12266
186446
20559
176957
210566
232767
150420
72937
6404
34932
20334
80622
54447
92257
33223
83898
42372
56021
399962
340348
10661
64717
6177
15809
49775
304558
249819
90545
11860
79649
118835
65600
118914
33942
162966
26418
4810
44128
19885
12846
38989
137223
53787
243158
33487
325298
96393
52604
21814
65657
293274
117164
6651
60402
14620
34360
45808
146193
43731
79936
13558
16406
160568
109188
48791
79037
6592
99743
46167
172906
5321
100349
25844
30055
85374
260031
78134
14564
576719
85687
15826
145421
117850
151048
47252
69096
4116
122921
35630
18503
67989
119611
99606
84495
16041
19351
88717
17949
52222
77620
87092
264630
116530
141846
14567
293618
3397
20336
3591
155379
56624
136894
64715
59065
93365
97930
251166
29846
219821
92788
313531
37738
34503
165296
49266
272607
500717
23226
322683
30030
30329
33615
177548
166241
110660
14233
73987
131355
15910
127648
241221
10596
51877
193251
229938
289032
4709
165337
100131
343095
12514
57693
54488
72750
185773
115986
57993
246119
14677
57820
79961
35927
837
153186
34284
265014
109358
289602
61533
30063
109657
14164
98857
72657
222564
213466
144876
186671
85453
110549
39491
194994
85428
87530
33790
15260
9206
225097
342722
37629
47391
17568
46592
139224
51318
231764
83308
61787
22171
2276
79559
37804
307105
96899
303763
87132
395560
75160
84360
55323
129100
75121
55981
224904
57466
17810
172020
200083
122940
84854
17736
75444
54900
63003
17419
339650
539011
89791
220844
7395
222432
80500
196551
11929
70382
2451
447354
108374
25397
34643
4778
56973
102320
318579
28249
44227
311915
76662
152738
191167
40346
26839
89752
329777
61474
278370
87987
100733
192279
121796
330446
57921
34525
96364
281909
365585
97443
80776
207707
270052
314807
7661
40411
49556
185131
73077
194023
13751
68612
434489
102991
19838
24237
4960
54656
63659
64671
8681
70937
177165
197692
15203
26340
205110
137039
117115
63286
10015
128924
137577
10503
211789
72232
33071
278424
25930
33872
424380
23538
141227
351116
970323
10005
65326
1905
61921
148410
64694
15547
42242
145969
32955
10516
87431
6618
14641
199209
102824
132027
10216
6770
101014
160982
106468
117890
9395
180896
66224
53642
87101
84076
162401
95639
49651
12979
4936
684842
53133
289361
8426
116824
50329
15203
328349
29730
212335
4413
63049
147567
496334
29835
310419
212336
56351
99430
61220
163207
107256
252230
34264
3497
7291
27384
72780
57583
101931
101417
345530
22009
6559
89522
44233
38851
68632
76934
5073
133840
119969
58519
145440
118758
67228
8738
377418
11934
4961
337791
19320
108818
228840
205698
226829
55377
29101
19315
207457
191786
7050
159221
225556
74776
61578
37254
5140
479706
111894
13424
266685
41634
105121
27485
17625
134256
52702
127618
46583
12674
90548
56760
53158
54320
152325
11292
24070
351356
160135
24831
142862
114554
61237
10820
313394
12088
88147
124148
172110
259525
58920
6057
60655
7314
3413
7294
174066
94518
210855
134346
151403
62150
23074
132961
18444
137719
147211
56320
27955
251995
14161
62230
51691
68401
186061
224686
7437
101233
19553
15745
167907
259462
71010
334503
118261
51668
173170
18906
90467
10890
231784
6184
29738
91670
42554
274562
44406
55143
118629
77417
70498
218273
2847
221732
319038
41566
190055
224117
174132
302213
93025
134288
7149
55443
16525
77990
6403
36139
15372
77915
135946
47071
18256
180056
349081
58473
255005
116720
76228
2710
93137
25626
65231
154586
92181
5487
8003
46212
52554
256964
318443
258048
322032
31368
50090
181742
69644
18711
47578
81207
148885
59969
236283
94392
18708
71865
23088
507941
45383
61619
52131
230896
86307
191681
101729
20664
32917
66325
201055
12774
129627
68703
17195
131289
391557
20900
137860
35783
13752
69054
133648
46073
268995
52833
92727
145854
11689
164428
35134
37281
25161
148783
44892
39820
37016
173963
159806
101884
16436
357661
66414
44882
22416
126999
46311
235441
272795
3333
138353
200159
121007
14354
36210
91846
151100
70174
35650
60883
64228
9904
31763
148796
111323
114669
134809
620236
88965
122355
104845
73423
105179
187496
40581
66903
25900
50598
66472
33939
74428
73670
15863
88204
46109
18901
4807
100263
7331
138172
15524
196150
421607
78060
52845
46767
8413
773606
339093
85583
54711
51791
46512
115774
5181
175041
43143
251629
146476
54025
327991
76227
231582
3450
77084
476878
62756
24021
997531
223285
1191
128869
110750
44800
51455
190255
9031
13916
93114
320298
171736
18770
72085
40490
71003
122449
212492
478720
113239
18694
190488
14335
127159
139152
14957
19790
170319
81515
20813
31759
92157
83113
137649
98558
41066
4756
121871
38784
102800
15429
65521
35623
75388
148365
56503
38891
84807
292327
93550
4254
96433
36571
465281
23614
15910
106470
133169
58211
104813
225570
22543
184339
41717
289706
150611
54588
124576
246784
66725
213509
140573
87376
106254
5983
28103
425040
161328
184803
36233
40293
222071
172028
11786
20454
29040
6550
35939
124263
198462
51848
7536
75141
229449
18350
58932
68517
84450
310680
60602
156059
190557
30759
166605
266920
60013
40955
116927
125179
176013
120527
76727
120676
288856
31757
34935
193170
6820
44427
62979
23946
36593
141259
14176
3255
446815
268245
113145
304154
227068
101450
37677
26513
9993
42354
96980
181310
116422
56944
497464
21161
134955
32144
12176
45467
37774
24619
33654
62622
5378
18060
77865
47641
199275
111027
122938
36054
97123
201106
337268
5804
318926
204372
50784
51639
55928
35677
312791
93190
91362
84879
142461
376603
85275
112610
37994
54794
77533
78192
58343
27867
104889
85894
5130
48694
137155
150197
73991
11444
6928
117575
122724
183083
231754
106628
97527
46152
544282
112929
56632
278006
289370
313643
94797
147562
589509
109583
34989
127029
86395
40179
23346
47662
20313
85611
6399
133584
19846
20655
52413
38862
56905
79441
46887
165946
169193
17771
131058
8014
244152
148964
203535
173114
105413
36464
4457
52849
75685
4303
121495
229781
123249
49751
87296
218752
36716
118168
58844
19197
7520
416785
85215
32400
542063
367472
437359
67153
76496
7320
141855
86892
107141
18474
58616
34943
8500
244625
53678
52958
35126
9035
128531
168400
1577
130678
60160
483650
38265
151168
370126
241533
29631
59878
208491
146139
102920
832890
323814
111754
84112
16315
33077
33340
207279
37731
3380
2213
49487
312598
420142
10213
365753
19797
23772
196142
243928
94101
130554
42936
37534
131468
81117
297510
118475
717861
45330
29102
60991
271588
118539
76571
9354
211181
53963
141990
28340
68745
30505
189693
44020
21088
314106
223952
272979
362985
194930
92139
119721
12037
66656
16535
331050
84769
11326
14146
28197
13354
382695
126456
18449
54230
7807
56144
61964
7074
50570
104037
51429
178432
58785
115635
81626
8988
291707
30681
262480
46227
165706
90786
40696
27602
36685
43098
193647
181052
39871
57820
95688
15362
87138
143888
335933
43215
35433
237849
115529
234866
472504
3068
41120
10002
6387
127221
355566
33624
41783
127089
248853
16187
220611
14997
368033
47830
50546
47815
216403
22366
47904
101600
6405
12497
509753
39261
60216
573784
400542
146867
56630
149149
96346
265128
197543
75692
109017
41682
191922
234407
72601
90792
348426
24852
65835
180806
21753
285874
60765
9057
6372
87725
10000
4218
38556
73416
9039
21427
8871
331868
65260
83621
92782
33071
28128
251592
29393
194786
4880
45131
37763
61601
3145
13253
196979
108230
61107
20959
23697
3525
28283
96027
329493
195856
57897
3216
50048
256864
162182
62606
7639
16002
173827
59614
6381
158567
4448
11152
16012
179100
473742
120355
51012
19005
18690
41581
319966
56337
114679
43285
160216
17159
177764
28487
227470
278599
65077
57018
118321
366018
147310
210382
82856
19947
170674
36236
7902
140853
13279
47862
47921
28540
88004
11168
127867
57055
85540
73391
116301
54745
139615
141803
166160
19404
40842
49253
41308
25820
29820
146967
71254
301837
65901
464219
72042
91278
29584
20226
23738
343219
28320
39188
279549
99341
233301
165269
185571
228499
74056
35324
92725
139960
82778
120383
18020
35788
107816
21582
11659
150574
16886
160695
60233
4284
58857
30351
42307
40925
108243
87369
21098
51681
76561
233380
38632
61475
298222
208435
90033
34399
104708
433948
10866
46183
112548
295794
15338
158588
121717
260249
8666
22355
511309
880669
132255
69078
108068
244657
246143
40518
168761
106453
26545
40004
30113
61712
221896
112235
84273
97123
76010
163508
546899
1860
198916
203110
130184
86518
24600
119147
110979
344748
70378
30462
801622
176347
307775
6472
122286
68214
83033
37278
108441
344314
487854
343326
43987
205087
53849
217088
153975
67203
31351
159963
31055
227061
182896
211912
80335
266303
319866
3948
104217
222871
260136
121054
456480
110017
19413
7847
157538
6343
69147
232642
86540
52883
55899
174432
167688
90636
72709
75799
132970
59171
203449
237200
119693
156641
204014
1761
192111
80629
164743
89740
57879
2231
28897
121316
108031
136225
128073
398801
249473
94389
683075
6120
28454
282016
226925
29928
48294
17879
84764
45185
9419
61443
427830
6967
19263
21724
22765
187737
100425
98110
21344
84134
134630
2229
137511
143671
19623
13591
49623
90156
160381
26430
17009
100930
285174
48302
27837
54666
210216
257704
112098
193562
31441
403419
482368
91800
3972
190416
20469
94733
11279
193593
247624
88647
392213
252745
210221
18753
406588
26339
75086
41691
335389
151648
57764
331063
32314
555606
134680
213177
39326
190043
167235
8113
5412
107445
157811
90804
350647
79669
221846
181045
93463
34205
37943
246653
170122
58135
68423
59952
55403
13706
106046
136767
475833
327967
191658
140035
265016
50217
483814
12899
159327
141586
131555
37761
11390
58096
69837
589512
95274
51977
129452
70661
126284
184319
164419
81217
91123
150782
59362
18055
64014
84537
472756
244158
9060
37805
139679
231888
77177
76076
69656
27535
248440
54483
444813
11775
118853
6341
130638
78211
93425
159326
331105
97007
9752
12713
44231
47506
61696
21491
51257
71878
239081
239252
75512
109737
67685
30309
41024
6988
55397
51977
4780
7809
255301
6387
117853
26925
15083
46960
89313
9834
279424
30325
133131
661392
96392
55245
176256
73863
69691
342282
57646
167668
84162
123292
211814
90052
58684
80090
83791
16624
94536
47761
143922
188660
243560
241009
319684
195545
8770
90469
11389
13557
81854
44526
42561
143575
6934
127700
76441
80370
84638
42536
83642
38638
73490
66966
106931
191082
21402
10141
22037
45720
15790
158244
180468
31696
19839
51807
17246
185398
69656
28459
43466
10270
128122
22120
70737
3673
310203
3347
78385
115805
133896
71302
29720
5663
34223
50408
135608
135700
58844
3036
26098
5460
129526
299029
142291
11090
74511
390695
15101
234906
9721
268386
117238
160440
122669
345898
17964
23334
7117
60582
40646
10472
53478
719223
156760
38393
203298
183016
11808
116261
119452
288117
74258
149496
378513
22950
60646
183939
4200
58195
81830
14622
136806
129776
237669
144103
19304
22262
14009
54603
218289
43027
62552
191030
10774
49666
132537
119913
73710
199707
127496
2748
596312
65091
423742
141279
125971
193401
71654
199190
88148
52934
25551
227044
25371
251297
32491
496531
5319
105422
43981
179083
10934
131527
246733
45964
63271
137061
153972
84285
368666
33798
361255
107556
10725
296316
49132
4419
127889
229918
64911
81357
139404
155361
123400
36240
215005
98251
11305
11023
89116
77337
35856
13406
38823
358318
11277
47572
20722
109233
156310
184261
248491
60540
19919
78327
10854
17877
79856
369339
66173
124773
419946
46532
215202
184026
105351
385948
2156
80188
20295
7724
1726
22679
12768
7953
61963
17590
25720
60013
258039
3160
5346
14780
79356
17687
182113
54852
7186
225344
467818
395990
6998
404820
7458
128554
5483
271832
64471
245738
215595
206213
18330
29702
230080
234290
9620
190857
210161
177113
439970
24510
120561
65145
997
151975
45150
15184
308144
75418
10170
200557
72235
89808
270685
152280
1248492
36385
91931
79506
142626
17634
130744
181469
22680
151047
67054
37682
171791
91601
30618
156306
310619
195505
202127
178303
30589
2636
62238
43658
43516
68756
190763
210288
83180
156989
167484
310788
46075
130124
577347
208422
12977
108648
353616
118027
8270
48451
10197
275
141733
283385
50262
145322
322832
43945
69842
148240
539106
75295
11348
254985
44589
198270
14269
111970
10625
293105
166052
5384
10297
8534
64155
76005
147077
17527
379932
21859
68477
59243
8126
328043
20704
69371
199524
208374
36435
13570
6747
11151
178142
170155
306232
114649
66981
24255
95369
6743
211647
172805
74027
7805
11772
63326
119056
360250
96634
128321
84674
234952
180263
352397
94406
46350
62896
22705
96825
205854
84920
191788
419455
70026
282100
220763
86227
168136
106441
17525
11287
87657
36799
92875
224457
20781
190314
15202
87875
3798
23141
10368
620868
126815
297617
28778
156410
29525
4246
121493
165781
117196
46189
283757
23574
10401
200310
9699
72157
176042
76130
183873
175861
167880
539
56041
33271
144308
64598
150674
144222
88298
4275
123418
69457
127147
37370
184369
82064
65197
18133
36155
203510
41387
43272
65622
457993
20022
194765
133922
34483
213268
13409
257090
160495
90620
8668
45901
76836
71426
162905
77608
126589
132814
93405
4225
364145
83005
259192
91378
5534
167641
53372
55241
117453
57660
173372
23338
10532
63352
326701
353059
9609
4064
95872
66378
84067
11778
17162
125842
85962
96070
144976
144162
674258
125527
178101
10772
344823
111957
51883
136983
62261
2331
188324
89089
21430
52995
71534
13074
66633
128818
9542
6066
14836
38040
259505
81582
161755
114140
131371
87345
77716
137439
43042
141455
91052
126148
233554
54769
700569
293065
249886
369032
141273
147393
239512
282919
103055
221166
7825
15544
205702
51101
109209
126123
171332
139384
260399
64983
22902
62752
556353
226232
165440
46032
24303
2063
340740
338449
93257
179996
318516
46937
52654
49800
20480
88654
157768
29043
126117
121627
18764
156663
72953
14354
20745
188106
53828
36936
148466
94607
275435
82759
92006
143495
97190
88283
6060
147700
35752
20901
131640
15968
68821
188299
126873
607226
109381
147980
26171
61256
146900
79616
234356
403201
195628
57260
118245
6079
117346
84290
71753
6482
141208
252127
228963
219579
103457
297830
41905
17997
134562
65042
20210
5145
127483
10913
145887
204961
251953
169952
34639
61615
5135
33974
104528
76269
125778
194157
7834
80119
308809
62132
107937
12879
67824
50721
36942
25154
38905
2968
115861
55422
86619
164306
14942
37182
50652
201802
265307
102351
67800
602910
21001
10535
390611
243802
286024
21135
25317
206277
51806
240320
217481
6587
124937
66014
43466
347885
153405
455660
177445
6291
50641
73454
134178
144633
48846
248106
398084
18625
66309
5171
222065
71909
174435
317822
85519
342722
36849
125540
225199
22224
349189
272764
29440
156623
181863
169513
96693
3014
27472
53720
41074
41737
54220
132234
169784
70329
68777
9898
40472
178429
735582
181735
28875
8561
72425
187835
68258
12347
32737
127686
118113
64978
77526
212841
201601
65858
171310
77404
181627
103703
173531
5742
223326
195175
91707
16138
25748
4224
84204
30990
187926
7634
159279
218432
81902
226207
17062
74864
167396
185174
129155
127424
640548
91000
343579
25288
50144
6752
147385
34335
19154
75674
30681
208496
16701
109748
141323
103894
82355
4723
62770
65870
50866
34562
52209
7666
14302
239226
159971
221547
84300
93990
292767
107726
19346
45064
53781
187165
178098
274508
168075
125324
194788
326003
159153
35548
228054
4585
124011
54620
420639
33092
145521
147154
79272
189970
44203
868271
69342
300589
255113
72276
59386
244741
267493
34082
252125
45074
223345
173994
44509
169447
90418
101154
22269
4871
60714
40206
111553
29132
11017
507731
9476
166908
53656
125156
166677
47733
14824
192492
68598
189746
26557
38375
19504
10734
75966
123138
110605
15532
9140
168989
25721
369655
12632
15089
28716
71020
329630
299331
33902
82373
38784
294819
94947
463735
200991
126611
80916
113671
35106
18166
34016
27468
65236
78553
77561
48942
7779
6249
76876
152535
78991
132635
16776
290636
72091
433575
6832
182515
99297
44435
23262
271895
145252
372241
33612
106563
68707
186147
7893
287194
128944
223856
51145
92168
91165
70599
360152
36711
272184
12429
35383
51085
370721
309186
61660
16833
11762
6532
104039
138152
105329
217801
250354
65341
135814
180036
140967
83044
31114
36834
218218
204095
117851
125349
189682
273948
39696
26048
125278
60960
214315
208719
17345
103808
109529
320029
1863
66884
41049
245317
122661
308570
71519
148703
124407
4137
91566
21559
71124
65538
55265
67796
103464
114163
294063
235903
432290
40317
30697
85442
184189
508529
12300
7530
215317
61957
135734
105703
25326
20758
131179
110910
87479
167979
52523
3377
143538
25970
92741
83898
378647
14917
370033
99716
260106
62392
164196
43128
11925
188731
90429
68998
10287
167430
58696
184748
142032
82988
53763
7019
7789
73409
198484
68473
131440
66543
69801
279060
865857
120162
159957
13435
163843
117164
176366
11374
208446
644376
91088
604512
690273
113031
15735
55090
36940
60796
244841
275823
50971
157697
116248
78529
28810
103416
141790
30524
104319
73740
62838
335147
319657
47036
159566
50666
37140
187415
47328
27935
11047
50544
12797
35287
198223
196166
101104
2733
35643
153817
505222
506027
141824
128551
97397
119013
161227
9321
390603
266133
6085
136666
80867
246757
348837
152422
49880
111688
22964
298984
27094
132820
11947
87437
265511
150735
43288
4563
185301
2881
21051
111219
103953
178789
178665
51880
61136
59345
5146
1467
42537
30749
2057
98380
473472
112603
52288
11040
78431
86852
20362
138832
85166
278268
75393
499638
262620
12218
8336
38126
74992
22180
6418
106921
24150
2511
63754
13527
151915
141899
78183
14846
771534
15162
361437
100377
320778
18616
334651
6005
79447
208545
41018
84976
74813
51263
103440
164427
274316
109555
148494
200651
11616
369584
263215
345326
18091
352219
494825
270016
86916
13291
79566
704377
212305
1949
182732
43920
132390
120079
140203
71791
256271
33378
34595
1254
99613
28914
25536
244193
34795
55754
62078
57870
30046
208250
154986
6972
128731
43886
332440
137583
77419
231450
22452
227473
52521
101898
185147
35083
249164
26461
108065
283376
379879
3895
48988
147558
46182
163786
10020
147111
201085
25294
67885
94853
58110
270786
38180
31852
27143
118892
85547
34822
58695
11618
41847
158367
125456
91728
1498
10777
113349
173286
17719
16727
28024
77294
119247
82939
71888
78640
195466
56951
87896
8752
81581
15303
193976
18819
19849
149762
158273
13494
18286
107771
294610
12378
139424
102933
16517
286525
169990
129469
196256
32258
229567
26530
171790
20796
39982
2627
523130
561630
221348
58265
3855
39177
529269
28759
40902
177770
54296
35213
51307
21581
8140
151212
259841
42563
65334
271257
87695
82748
480197
244655
210630
211049
59108
60224
75140
5020
254736
50187
131309
56188
214651
429794
177356
114055
242509
7361
172654
70901
99957
29344
224914
485923
141240
51077
68077
150463
23724
87381
43143
46471
16456
142887
101397
447751
26705
11819
60155
22660
68821
14677
133716
80218
28102
32462
115566
273312
36656
46894
83324
310609
566686
190010
198299
136823
132395
87104
40552
119625
116955
33901
39734
130762
21831
340143
42282
159673
6249
137033
530916
55159
12331
61896
13001
55871
29519
250128
52194
319938
36280
41145
550446
22825
28143
20707
52640
33074
392567
258299
37522
56857
357673
170474
228204
25375
13084
131136
4899
58013
13857
209016
154142
354714
91503
3071
230161
354114
101483
50780
275884
229629
59453
22063
6737
31349
40629
49852
46047
412811
552400
753571
305107
73664
195881
110315
198109
113268
165775
49413
223754
12713
36074
117874
20514
25519
23444
370242
99907
107840
232717
124276
187303
214431
164502
19545
135963
380309
120147
72766
87789
20677
13692
90990
21993
69449
110571
5138
81103
45767
116243
31662
328712
42075
61733
269345
41663
104898
204040
11336
226514
53924
135963
154455
95222
13098
26275
159578
51934
89134
104702
96897
10448
201086
8175
229112
120673
9853
32921
296461
157724
73581
105330
44254
145603
61006
237735
19431
65417
16851
262621
211029
49527
88650
17940
72643
64471
19264
101306
121773
232433
3809
26232
78599
169208
23448
34920
147014
55410
73450
356489
219888
703885
185845
96640
115157
522793
409199
443077
118764
116686
61949
16955
28530
70155
72509
10422
65802
73522
45758
52364
160959
18017
10590
15345
63289
4221
178116
161580
104476
78640
143295
313868
98114
170306
106411
27104
1813
16198
23525
232127
141384
101158
74717
90711
34207
403168
21647
57004
57202
208343
109397
51849
145755
74218
177947
147890
50588
16072
141444
9983
46512
29502
54875
10395
41272
14072
307122
89759
211843
55176
185407
392545
246499
9165
143764
8584
289684
8327
106770
124460
155076
38812
41153
201571
101801
105283
41403
50631
57282
298436
378734
32816
108576
14829
16676
109285
451724
11960
131247
397044
37023
113538
9605
5521
96165
120826
9878
302925
191831
43556
12004
152613
33273
73072
3118
284349
206220
44063
78034
14436
189076
28782
18778
119324
144051
26166
128417
10388
143005
365452
95444
80931
174509
14902
42753
79456
96435
215769
374601
86405
87058
83491
25088
267579
49787
350069
79004
52849
14771
18730
89104
79753
190659
173049
49796
26249
51858
101148
206644
157191
315107
126577
197293
2357
238902
33573
54508
395266
151138
127205
12035
71537
115883
80759
227632
99756
57546
93974
55442
5619
75231
170130
24770
118536
16986
201164
57058
67367
13920
313447
169139
166424
47803
94591
130378
133547
37901
81477
28073
75095
53503
393108
184363
54519
1652
122269
89472
113368
82329
118549
84002
23131
39224
116291
382919
366260
230111
57089
61834
68598
213314
52627
94778
39042
71909
331473
114442
196119
99162
7399
59425
236920
64520
45603
49407
173656
14692
142234
77700
18193
89351
149248
34835
182449
68378
529458
145375
164357
32931
194078
140790
92019
251721
200237
356764
203407
143542
89630
117067
147100
112596
138351
153220
86063
340438
111679
34232
50565
13239
46578
14039
1114
152744
183661
5006
68224
14684
138144
16037
104534
239902
84660
245268
34152
161774
30248
116600
7560
98583
233035
21779
84562
263406
214510
21434
1947
101838
76662
461678
100347
30487
60341
14307
55875
27685
8549
58051
7548
33672
302427
322333
249386
49006
28880
140878
329241
2788
387532
11764
350791
41199
165128
68235
69429
319054
14104
9746
2775
21478
125243
15819
85723
265476
228417
27492
194383
326468
235887
21130
54837
117273
390587
237869
117996
184659
12801
14095
303035
181665
68682
55680
24157
13124
63886
42620
148939
288483
194486
118618
14756
9536
111027
126355
39897
55841
221742
54908
2870
182709
589465
226494
105132
93578
5312
136281
393721
131996
27606
51901
245386
37227
94465
158449
78674
157629
5388
127715
26498
364158
183592
251003
72367
116965
36803
29733
107428
103638
113592
131093
19108
10611
7507
172337
6977
104987
63858
412424
6310
154336
31448
104319
11580
19357
168230
161219
102926
63878
258609
178851
133531
104883
41886
30634
67415
245422
152206
107148
72370
74493
8198
9385
141722
47411
92050
124806
150387
192369
41386
13779
215041
238583
34828
109397
31403
147233
22956
82286
155527
20636
15430
17980
87037
12214
32884
147548
81594
489714
137883
21107
88709
28502
59764
209577
135185
101887
177991
95283
19094
107561
22105
553796
154185
81538
214922
3932
6778
175261
149688
115998
22400
6239
142982
196286
4187
170437
52045
93168
49945
891661
17536
5950
113465
44574
20609
30471
211466
51688
87890
201452
118443
15024
30521
33407
235921
46448
10768
180479
8360
210982
271866
241557
60192
449
136141
47228
6743
162777
66760
5554
80575
520418
80323
21089
5730
33571
11408
76770
30506
15991
51589
243063
109043
47296
52363
190771
69986
42748
18511
549914
173869
93505
496297
128797
109791
14379
265588
222266
54929
22615
58971
55035
79735
23526
49139
15637
209396
5657
3856
96507
59394
65916
28650
44271
61126
47952
10034
40476
43610
94513
203523
147837
151504
4617
311565
543828
87698
24496
163632
133450
241165
338808
36970
46524
38357
106077
99224
89707
10691
96172
2555
2569
73526
239508
71119
124561
204475
81502
140916
154431
381681
226205
92748
122937
44970
168094
76641
236078
141004
101680
147461
167433
90232
23861
47944
151141
27729
67506
54777
68852
164980
37967
44479
79048
239947
148477
128306
11257
56628
74961
537258
103407
25803
28594
54787
412047
53782
3325
57205
128141
66479
9592
91248
39978
79101
87661
182641
56804
186083
69595
166205
68277
73406
74858
105947
210391
196884
180821
75383
320075
50373
30542
155062
320996
141399
181011
34119
218442
128002
84598
6199
234675
62468
41682
85129
13024
99040
100280
464513
379191
350333
12021
114035
4050
131184
41583
10799
267265
9533
95881
101221
46099
349100
286814
306927
329080
17698
46595
55349
348896
88583
18630
105714
82532
28865
160865
84812
28964
322037
106187
32241
231011
18560
78105
298833
5968
18619
173389
218626
34937
346927
95710
27620
144428
90122
76834
242091
127008
13563
6558
105730
54820
70924
26973
282305
645240
55694
27972
165406
164523
341758
127655
53466
214473
107318
27985
255588
90865
241221
249302
92657
17146
88173
19712
211030
19970
37047
171112
185936
94974
6753
67350
53576
98859
302768
30213
9245
128175
95762
362594
82906
78603
303935
193897
31975
68316
81637
325
40552
21012
71694
31206
15907
107793
241276
287283
108207
43285
52165
24504
110530
29869
40295
68738
46405
228656
655878
25629
107270
52758
37931
47570
14876
77626
18198
18051
45302
94654
16788
382317
75936
87653
175089
150962
4948
487773
105139
13627
130549
10610
285045
111268
52609
124805
82975
72094
3843
104229
9144
199804
298553
190832
169452
42185
19435
13168
44899
95463
88482
3949
243982
18446
76006
170508
27012
7125
32555
214162
900005
122026
125589
35052
31083
139011
162679
41609
214452
40382
32811
21808
40793
137483
99807
130360
30491
223939
156085
86628
28036
78401
109818
102497
173259
113501
7434
185600
130182
222052
106950
17400
16906
204177
36456
21102
134317
83362
41924
232032
47680
55167
396729
293974
43967
220210
39135
219762
33948
573563
78456
219862
36910
19169
199825
41838
374918
17347
70506
356816
24255
193160
133998
61796
183723
155596
6541
77135
3647
100329
8598
24570
64381
88478
46332
10364
2396
33390
71542
43961
27048
237049
144560
16668
29097
65809
37158
37861
9546
155249
29130
142112
22897
130054
121540
32934
8759
245089
111747
42809
127123
293996
79165
13294
66213
232689
9819
166505
62334
225745
16992
58568
50090
237194
7759
151161
67080
39103
115907
48898
62339
3833
140788
52254
82526
185007
130424
100138
435781
224096
124495
2786
50405
13650
353019
12252
100724
65563
21176
319719
250040
233640
357927
81402
66353
115223
58222
20012
246205
46434
38646
44942
111073
126880
97694
247239
271671
149214
50834
44410
29040
76142
46532
359744
32854
45089
217651
160608
203554
106354
34183
103254
217969
323254
195479
180233
27299
306327
101796
48674
236045
84731
24173
37406
69843
176150
113966
125480
3666
79080
29827
134754
47460
52814
38533
344518
200357
248244
12760
217245
17326
153449
21206
223246
22670
62243
382123
39362
138497
19106
338144
177124
502430
18172
83906
87441
105133
147990
16416
108235
141087
18234
14559
56292
4151
95119
10450
265173
93600
17087
95518
518687
48244
150285
7357
2042
111884
20459
141321
71489
204949
80349
16500
16892
227060
234721
41198
231539
24462
99133
39021
31378
28039
259896
3403
274107
45059
57425
221705
25022
312359
40653
73458
15439
30000
32896
114657
219691
293203
149537
11634
24485
8491
219426
21044
9777
20635
133564
315522
135732
30396
11995
9569
31337
99231
141580
14492
137540
253245
92811
10643
49396
4708
133571
197200
28056
46149
45088
1779
23744
138467
6787
162741
27455
42414
4333
152873
29089
44488
285790
133527
113430
56770
3293
100664
110869
162913
205714
235445
6324
11487
6695
30814
121680
18140
15653
15460
101112
107602
120068
196557
2394
5622
87525
18146
52384
113228
134206
27536
26070
12409
18988
71156
34500
4823
177911
295202
192561
136822
12531
29069
156567
118454
147444
19399
472739
13469
29060
154005
6543
27905
79872
66795
53252
139607
97041
163175
26824
43135
58142
20238
59854
133511
51257
167095
275700
18680
18472
25795
75274
76847
3911
96050
72627
53255
42976
43039
47552
30778
85851
3407
36236
49299
53497
33105
18785
37401
6756
216659
585
208953
124363
15364
229267
275483
8685
10595
28859
182812
3095
15061
172120
20714
54610
528937
79978
101966
62868
446806
182284
19179
51279
55101
122129
47292
39849
202246
23626
107307
9440
65930
110876
29642
6350
93032
36733
70622
101014
96024
185998
72190
86118
16568
51429
54871
2752
10719
91998
35082
51198
19140
61342
151147
155125
198228
356137
28720
3612
271874
271146
121321
16856
175918
36020
67160
87870
32319
73674
209403
236298
19951
69824
247172
130075
20189
78756
33565
268819
131955
157539
151818
197268
5421
123864
81985
618918
23249
45096
285191
137653
82847
208460
96232
402025
159141
20640
28390
48698
33142
168844
46997
70103
158548
41995
7907
115844
7207
362205
161241
45090
38475
52665
40178
13669
133762
139151
17583
8270
6390
24012
2868
251740
307992
88442
102999
77741
151096
4408
196647
83073
293743
6688
40303
101397
83577
33221
71018
96869
36827
168600
6912
80410
107561
92012
39807
263356
74462
10070
18979
137464
116257
221339
42402
106258
26956
215326
28859
36670
225840
8207
34881
27713
190016
51848
433778
291379
4578
108532
65669
25966
100789
140198
11443
4703
45893
70391
149404
37994
109979
220254
51597
263450
3359
122025
137944
87705
67425
243072
26369
59848
17137
90090
85971
480045
30249
64500
80787
50533
261871
118162
14122
41834
172054
121463
161284
202394
262563
348483
66723
37907
6119
294535
80847
127499
174805
61050
761642
12504
58296
53520
80076
49263
11649
3703
40770
6022
49503
45875
250077
11031
29997
3588
418255
53069
223764
68802
772919
5777
128128
495033
31478
34297
54386
244895
14904
175949
189719
183258
56411
177467
75900
69235
166686
59977
35943
193413
53776
281318
166668
14742
38087
81875
243566
104854
291196
55767
334871
102054
347487
3268
12197
21563
51042
61653
16169
45861
257880
127641
14461
25083
126656
72249
155470
11902
29895
95641
80133
330048
90053
64946
48171
62584
128381
357810
51699
76695
142689
2277
12212
33117
97361
15384
111939
122885
160852
219231
33040
727445
27962
41630
102753
430527
462029
49223
96882
152483
302751
205353
133090
106568
21917
13626
348203
218645
156536
548888
157212
298760
65433
21095
47409
318640
104387
107307
377864
85030
143337
422492
117856
205829
55389
38840
97285
261403
232125
28284
8092
144450
21254
94969
103858
216434
187696
109384
25337
127621
384492
88636
94574
21936
288799
46642
396421
164077
5392
176088
413050
13125
130243
265564
12900
21169
373111
11085
86132
152126
201819
76679
101846
83929
85563
376245
16858
90066
20247
48756
123628
162035
176401
44362
104080
106754
84859
524137
44950
173250
13366
469492
47207
83906
19872
71946
39739
15063
341961
478177
14215
61221
64805
367030
105037
111210
13796
64114
80327
430489
90643
185497
83387
37822
57023
128868
387469
351947
10679
48460
57261
221727
39494
271390
189864
153519
17965
4533
87142
261096
35205
88259
40754
89018
30394
484889
43772
26812
52016
141359
5965
26576
196623
241973
257315
57108
87269
153776
51280
15871
2836
23325
249304
6364
86080
113211
575376
11547
18719
48452
24958
8692
36339
59524
13174
58117
18518
54747
17330
169416
136881
230131
212210
27036
5342
18699
107536
240274
81064
254027
97669
34773
31013
102335
121483
33378
293582
169928
37207
54773
23753
197568
12124
52379
38195
76003
218248
10491
40157
46955
52429
201262
95484
115731
15335
87302
11412
310129
26658
65786
279534
88264
27602
74656
9088
6974
80702
147766
130247
64977
119939
223067
44834
79940
16781
6119
162918
44555
71281
25120
7147
137829
26851
142151
102441
53997
4244
147639
2242
42545
166668
563967
150029
38847
3036
73711
5753
364491
286390
3927
18902
44229
101174
185012
16310
49412
140037
14143
124785
59796
177136
70513
213485
61698
54904
55733
81853
3775
260790
7152
84990
51924
76658
18555
66239
251287
48473
392301
16041
45677
261162
23705
142868
80659
35841
110225
7852
24868
716
5734
55258
20371
129288
13872
259217
715044
43868
117569
35363
24837
210023
83867
70226
47271
22270
196447
23207
200180
225494
56637
265821
10731
15885
144511
8856
82488
60771
20155
135937
95510
118423
50713
55387
19862
378253
5581
118046
83494
141739
510382
41977
528639
131591
429322
65105
58558
88903
67030
265783
10062
57423
197996
324540
68625
21049
15403
25063
181180
90031
363102
143080
362107
55252
209914
17688
15239
85407
247474
242162
59099
220326
3098
57975
364081
16381
3956
47876
347326
64364
176699
181237
54649
246986
1710
35050
85118
221562
83208
250684
21247
20145
31157
18703
199853
166878
207578
422813
35373
54907
118402
126616
135284
37723
67572
200216
43313
13660
2126
162838
