75124
54489
26760
87290
19472
330678
36256
34238
44553
42133
110691
183463
79974
141990
51790
38181
1305
57448
96150
3354
11989
33774
20160
30352
76457
7127
188219
127285
55302
77885
5463
1984
68091
16661
326636
134136
117081
116629
120032
16536
7879
28311
140600
114371
123099
23636
147200
267721
99644
29707
111007
317946
2737
20167
8070
1576
252839
209825
156025
30849
92179
388026
121171
438292
77391
4693
143332
28599
40788
168209
167021
19501
116240
29240
184080
89172
4026
38426
130460
30609
6264
6972
40045
244164
1348
72420
7120
137290
369052
10920
49109
28804
291669
13215
8914
3360
41129
19870
8114
155309
